4,8,16,128@@0,0,0,32@@0,0,0,2@@0,0,0,0
4,8,16,128@@0,0,0,32@@0,0,0,2@@0,0,0,0
4,8,16,128@@0,0,0,32@@0,0,0,2@@0,0,0,0
4,8,16,128@@0,0,0,32@@0,0,0,2@@0,0,0,0
4,8,16,128@@0,0,0,32@@0,0,0,2@@0,0,0,0
4,8,16,128@@0,0,0,32@@0,0,0,2@@0,0,0,0
4,8,16,128@@0,0,0,32@@0,0,0,2@@0,0,0,0
4,8,16,128@@0,0,0,32@@0,0,0,2@@0,0,0,0
4,8,16,128@@0,0,0,32@@0,0,0,2@@0,0,0,0
4,8,16,128@@0,0,0,32@@0,0,0,2@@0,0,0,0
4,8,16,128@@0,0,0,32@@0,0,0,2@@0,0,0,0
4,8,16,128@@0,0,0,32@@0,0,0,2@@0,0,0,0
4,8,16,128@@0,0,0,32@@0,0,0,2@@0,0,0,0
4,8,16,128@@0,0,0,32@@0,0,0,2@@0,0,0,0
4,8,16,128@@0,0,0,32@@0,0,0,2@@0,0,0,0
4,8,16,128@@0,0,0,32@@0,0,0,2@@0,0,0,0
4,8,16,128@@0,0,0,32@@0,0,0,2@@0,0,0,0
4,8,16,128@@0,0,0,32@@0,0,0,2@@0,0,0,0
4,8,16,128@@0,0,0,32@@0,0,0,2@@0,0,0,0
4,8,16,128@@0,0,0,32@@0,0,0,2@@0,0,0,0
4,8,16,128@@0,0,0,32@@0,0,0,2@@0,0,0,0
4,8,16,128@@0,0,0,32@@0,0,0,2@@0,0,0,0
4,8,16,128@@0,0,0,32@@0,0,0,2@@0,0,0,0
4,8,16,128@@0,0,0,32@@0,0,0,2@@0,0,0,0
4,8,16,128@@0,0,0,32@@0,0,0,2@@0,0,0,0
4,8,16,128@@0,0,0,32@@0,0,0,2@@0,0,0,0
4,8,16,128@@0,0,0,32@@0,0,0,2@@0,0,0,0
4,8,16,128@@0,0,0,32@@0,0,0,2@@0,0,0,0
4,8,16,128@@0,0,0,32@@0,0,0,2@@0,0,0,0
4,8,16,128@@0,0,0,32@@0,0,0,2@@0,0,0,0
4,8,16,128@@0,0,0,32@@0,0,0,2@@0,0,0,0
4,8,16,128@@0,0,0,32@@0,0,0,2@@0,0,0,0
4,8,16,128@@0,0,0,32@@0,0,0,2@@0,0,0,0
4,8,16,128@@0,0,0,32@@0,0,0,2@@0,0,0,0
4,8,16,128@@0,0,0,32@@0,0,0,2@@0,0,0,0
4,8,16,128@@0,0,0,32@@0,0,0,2@@0,0,0,0
4,8,16,128@@0,0,0,32@@0,0,0,2@@0,0,0,0
4,8,16,128@@0,0,0,32@@0,0,0,2@@0,0,0,0
4,8,16,128@@0,0,0,32@@0,0,0,2@@0,0,0,0
4,8,16,128@@0,0,0,32@@0,0,0,2@@0,0,0,0
4,8,16,128@@0,0,0,32@@0,0,0,2@@0,0,0,0
4,8,16,128@@0,0,0,32@@0,0,0,2@@0,0,0,0
4,8,16,128@@0,0,0,32@@0,0,0,2@@0,0,0,0
4,8,16,128@@0,0,0,32@@0,0,0,2@@0,0,0,0
4,8,16,128@@0,0,0,32@@0,0,0,2@@0,0,0,0
4,8,16,128@@0,0,0,32@@0,0,0,2@@0,0,0,0
4,8,16,128@@0,0,0,32@@0,0,0,2@@0,0,0,0
4,8,16,128@@0,0,0,32@@0,0,0,2@@0,0,0,0
4,8,16,128@@0,0,0,32@@0,0,0,2@@0,0,0,0
4,8,16,128@@0,0,0,32@@0,0,0,2@@0,0,0,0
4,8,16,128@@0,0,0,32@@0,0,0,2@@0,0,0,0
4,8,16,128@@0,0,0,32@@0,0,0,2@@0,0,0,0
4,8,16,128@@0,0,0,32@@0,0,0,2@@0,0,0,0
4,8,16,128@@0,0,0,32@@0,0,0,2@@0,0,0,0
4,8,16,128@@0,0,0,32@@0,0,0,2@@0,0,0,0
4,8,16,128@@0,0,0,32@@0,0,0,2@@0,0,0,0
4,8,16,128@@0,0,0,32@@0,0,0,2@@0,0,0,0
4,8,16,128@@0,0,0,32@@0,0,0,2@@0,0,0,0
4,8,16,128@@0,0,0,32@@0,0,0,2@@0,0,0,0
4,8,16,128@@0,0,0,32@@0,0,0,2@@0,0,0,0
4,8,16,128@@0,0,0,32@@0,0,0,2@@0,0,0,0
4,8,16,128@@0,0,0,32@@0,0,0,2@@0,0,0,0
4,8,16,128@@0,0,0,32@@0,0,0,2@@0,0,0,0
4,8,16,128@@0,0,0,32@@0,0,0,2@@0,0,0,0
4,8,16,128@@0,0,0,32@@0,0,0,2@@0,0,0,0
4,8,16,128@@0,0,0,32@@0,0,0,2@@0,0,0,0
4,8,16,128@@0,0,0,32@@0,0,0,2@@0,0,0,0
4,8,16,128@@0,0,0,32@@0,0,0,2@@0,0,0,0
4,8,16,128@@0,0,0,32@@0,0,0,2@@0,0,0,0
4,8,16,128@@0,0,0,32@@0,0,0,2@@0,0,0,0
4,8,16,128@@0,0,0,32@@0,0,0,2@@0,0,0,0
4,8,16,128@@0,0,0,32@@0,0,0,2@@0,0,0,0
4,8,16,128@@0,0,0,32@@0,0,0,2@@0,0,0,0
4,8,16,128@@0,0,0,32@@0,0,0,2@@0,0,0,0
4,8,16,128@@0,0,0,32@@0,0,0,2@@0,0,0,0
4,8,16,128@@0,0,0,32@@0,0,0,2@@0,0,0,0
4,8,16,128@@0,0,0,32@@0,0,0,2@@0,0,0,0
4,8,16,128@@0,0,0,32@@0,0,0,2@@0,0,0,0
4,8,16,128@@0,0,0,32@@0,0,0,2@@0,0,0,0
4,8,16,128@@0,0,0,32@@0,0,0,2@@0,0,0,0
4,8,16,128@@0,0,0,32@@0,0,0,2@@0,0,0,0
4,8,16,128@@0,0,0,32@@0,0,0,2@@0,0,0,0
4,8,16,128@@0,0,0,32@@0,0,0,2@@0,0,0,0
4,8,16,128@@0,0,0,32@@0,0,0,2@@0,0,0,0
4,8,16,128@@0,0,0,32@@0,0,0,2@@0,0,0,0
